function [x, y] = nodepoint()
    x = [1.0, 2.0, 5.0, 6.0, 7.0, 8.0, 10.0, 13.0, 17.0, 20.0, 23.0, 24.0, 25.0, 27.0, 27.7, 28.0, 29.0, 30.0];
    y = [3.0, 3.7, 3.9, 4.2, 5.7, 6.6,  7.1,  6.7,  4.5,  7.0,  6.1,  5.6,  5.8,  5.2,  4.1,  4.3,  4.1,  3.0];
end

